1	197	2
2	113	6
3	115	13
4	115	16
5	119	26
6	121	29
7	131	36
8	130	34
9	176	44
10	231	137
11	245	149
12	196	141
13	239	168
14	252	163
15	232	153
16	232	173
17	250	175
18	254	182
19	258	195
20	258	251
21	264	238
22	252	264
23	270	261
24	275	328
25	279	296
26	275	292
27	276	304
28	276	288
29	288	324
30	271	348
31	291	348
32	267	356
33	281	346
34	269	362
35	265	404
36	281	376
37	288	376
38	279	370
39	274	390
40	303	471
41	277	401
42	309	407
43	293	459
44	276	469
45	302	451
46	325	479
47	298	478
48	323	482
49	321	475
50	308	553
51	307	522
52	299	540
53	322	536
54	335	608
55	312	610
56	309	577
57	317	571
58	321	586
59	340	614
60	315	638
61	326	711
62	331	663
63	342	678
64	347	678
65	324	692
66	317	704
67	311	700
68	343	710
69	341	775
70	331	733
71	354	782
72	362	795
73	344	783
74	358	793
75	354	848
76	343	866
77	378	811
78	349	922
79	365	907
80	376	924
81	367	903
82	378	957
83	388	1007
84	397	922
85	390	1053
86	382	965
87	400	1019
88	391	942
89	408	1075
90	413	972
91	404	1063
92	415	1077
93	377	1033
94	385	1032
95	391	1083
96	392	1056
97	379	1083
98	381	1012
99	383	1053
100	391	1093
101	410	1125
102	386	1099
103	416	1184
104	406	1082
105	406	1117
106	445	1127
107	438	1117
108	395	1174
109	422	1203
110	434	1380
111	442	1338
112	434	1240
113	445	1339
114	419	1326
115	426	1358
116	438	1276
117	435	1388
118	453	1328
119	438	1332
120	444	1433
121	462	1471
122	444	1407
123	441	1471
124	460	1477
125	463	1441
126	469	1578
127	459	1517
128	446	1493
129	486	1471
130	491	1540
131	494	1746
132	495	1599
133	464	1605
134	476	1613
135	480	1699
136	494	1725
137	503	1651
138	454	1592
139	494	1740
140	489	1805
141	501	1814
142	480	1606
143	474	1764
144	517	1791
145	482	1692
146	488	1892
147	524	1856
148	514	1722
149	488	1780
150	522	1844
151	526	1884
152	512	2035
153	510	1920
154	519	1947
155	495	1901
156	539	1966
157	493	2072
158	512	1949
159	543	1981
160	517	1899
161	539	1960
162	541	2048
163	532	2158
164	545	1935
165	543	2096
166	554	1907
167	532	2147
168	560	2130
169	555	1912
170	562	2199
171	543	2192
172	554	2047
173	563	2276
174	588	2109
175	575	2268
176	534	2251
177	575	2146
178	574	2099
179	563	2194
180	589	2403
181	580	2353
182	586	2163
183	561	2368
184	578	2301
185	590	2252
186	558	2475
187	606	2442
188	567	2227
189	581	2257
190	596	2543
191	614	2677
192	602	2658
193	581	2496
194	616	2468
195	596	2479
196	586	2806
197	620	2475
198	622	2517
199	618	2517
200	611	2692
201	581	2500
202	622	2493
203	599	2523
204	633	2567
205	622	2522
206	603	2516
207	632	2563
208	616	2430
209	603	2511
210	620	2682
211	643	2623
212	618	2666
213	654	2867
214	619	2824
215	650	2675
216	662	2955
217	647	2790
218	625	2665
219	632	2732
220	621	2798
221	639	3101
222	656	3237
223	640	2878
224	628	2862
225	658	2955
226	677	2976
227	679	2958
228	668	2924
229	664	2880
230	666	3062
231	680	3080
232	679	2916
233	652	2798
234	691	3091
235	694	3006
236	692	3074
237	662	2995
238	676	3090
239	678	3438
240	701	3144
241	703	3289
242	706	3050
243	692	3387
244	705	3493
245	723	3253
246	697	3194
247	691	3121
248	716	3207
249	709	3649
250	701	3475
251	700	3566
252	725	3313
253	701	3417
254	706	3367
255	711	3338
256	735	3759
257	739	3646
258	741	3211
259	717	3295
260	737	3566
261	734	3334
262	747	3534
263	730	3516
264	717	3346
265	728	3465
266	716	3509
267	741	3561
268	746	3620
269	756	3571
270	739	3755
271	757	3747
272	757	3547
273	747	3899
274	765	3968
275	776	3704
276	772	3686
277	779	3813
278	782	3673
279	763	3989
280	778	3698
281	783	3987
282	791	4091
283	770	3824
284	765	3871
285	794	3879
286	764	3759
287	776	3513
288	789	3644
289	793	3832
290	806	3924
291	800	3772
292	797	3906
293	807	4077
294	809	3774
295	791	3804
296	785	3808
297	816	4062
298	784	3716
299	825	4072
300	815	4055
301	834	3824
302	817	4023
303	809	4153
304	811	4251
305	831	3911
306	804	3928
307	827	3829
308	834	4183
309	802	4107
310	807	4171
311	857	4236
312	831	4143
313	810	4526
314	836	4300
315	856	4376
316	846	4195
317	870	4207
318	857	4519
319	871	4240
320	831	4271
321	863	4466
322	841	4296
323	874	4485
324	876	4558
325	854	4217
326	863	4831
327	840	4273
328	880	4178
329	839	4718
330	860	4490
331	885	4479
332	836	4464
333	886	4466
334	888	4544
335	888	4331
336	877	4511
337	864	4438
338	891	4480
339	892	4669
340	862	4685
341	880	4774
342	912	4430
343	889	4543
344	884	4582
345	885	4826
346	916	4426
347	910	4419
348	912	4548
349	915	4767
350	913	4668
351	904	4553
352	919	5217
353	919	4757
354	903	5492
355	925	4606
356	906	4829
357	936	4817
358	936	4767
359	930	4998
360	909	4748
361	915	4718
362	922	5059
363	936	5132
364	931	4926
365	934	4873
366	940	4642
367	961	4971
368	950	5026
369	952	4817
370	967	4693
371	925	5035
372	952	5085
373	965	4739
374	954	4953
375	976	5081
376	981	6065
377	974	5129
378	984	4667
379	992	4966
380	956	5448
381	985	5064
382	988	5207
383	964	5308
384	962	5152
385	990	4725
386	991	5273
387	976	5067
388	997	5369
389	998	5266
390	969	5394
391	972	4992
392	979	5101
393	1017	5543
394	1019	5238
395	976	5096
396	1012	5310
397	1010	5533
398	1008	5064
399	1018	5303
400	1018	5275
401	1007	5499
402	1039	5373
403	996	5134
404	1006	5623
405	1032	5494
406	1018	5391
407	1008	5542
408	1021	5821
409	1022	5296
410	1032	5263
411	1007	5304
412	1025	5546
413	1046	5715
414	1015	6019
415	1012	5459
416	1031	5482
417	1035	5506
418	1052	5393
419	1029	5616
420	1021	5426
421	1063	5677
422	1055	5912
423	1052	5296
424	1040	5550
425	1078	5831
426	1049	5689
427	1055	5929
428	1051	5471
429	1053	5773
430	1071	5727
431	1089	5706
432	1055	5689
433	1083	5691
434	1085	5883
435	1055	5951
436	1070	5559
437	1064	5726
438	1069	5842
439	1090	5702
440	1084	6128
441	1087	5767
442	1110	5892
443	1091	5883
444	1065	5592
445	1115	5904
446	1114	5978
447	1100	5962
448	1117	5602
449	1098	6009
450	1099	6329
451	1101	6172
452	1101	6276
453	1116	5742
454	1115	6767
455	1115	5721
456	1132	6591
457	1115	6204
458	1103	6199
459	1141	6684
460	1145	6259
461	1134	6315
462	1120	6005
463	1124	6546
464	1150	6577
465	1145	6498
466	1163	6233
467	1143	6507
468	1126	6550
469	1153	6956
470	1141	6441
471	1173	6153
472	1155	6665
473	1168	6600
474	1171	6462
475	1174	6665
476	1162	6808
477	1172	6387
478	1151	6343
479	1154	6375
480	1159	6615
481	1168	6285
482	1153	6775
483	1181	6530
484	1164	6417
485	1206	7049
486	1198	6613
487	1211	6564
488	1213	7108
489	1182	6618
490	1176	6619
491	1213	7583
492	1199	6387
493	1199	6812
494	1208	6787
495	1212	6674
496	1215	6608
497	1210	6515
498	1214	6501
499	1205	6772
500	1212	7522
501	1220	6573
502	1212	6901
503	1219	7162
504	1228	7557
505	1232	7512
506	1227	6565
507	1243	7053
508	1230	7379
509	1216	6491
510	1206	7034
511	1223	6801
512	1262	7019
513	1250	7296
514	1263	6877
515	1252	7335
516	1234	7012
517	1228	6935
518	1243	6746
519	1248	6913
520	1243	7282
521	1237	6576
522	1266	7202
523	1256	7344
524	1228	7522
525	1251	7342
526	1256	7751
527	1267	7357
528	1254	6980
529	1271	7122
530	1253	7372
531	1256	7296
532	1277	7562
533	1254	7288
534	1296	7367
535	1289	7638
536	1288	7227
537	1294	7710
538	1285	7429
539	1291	8032
540	1282	7157
541	1298	7624
542	1274	7542
543	1260	7542
544	1286	7782
545	1284	7682
546	1291	7426
547	1317	7790
548	1311	7225
549	1311	7991
550	1328	8041
551	1328	7818
552	1311	7900
553	1321	8406
554	1340	8056
555	1306	7325
556	1351	7948
557	1325	7692
558	1316	8091
559	1336	7572
560	1317	7715
561	1329	7875
562	1337	8333
563	1312	7991
564	1361	7705
565	1329	8241
566	1330	8453
567	1349	8184
568	1355	8130
569	1330	7803
570	1328	7684
571	1344	8373
572	1371	8107
573	1362	7872
574	1359	7797
575	1350	8496
576	1376	7452
577	1345	7993
578	1359	8444
579	1374	8787
580	1383	8492
581	1348	8151
582	1352	7747
583	1375	8352
584	1370	8632
585	1394	8006
586	1395	7886
587	1404	8027
588	1399	8329
589	1398	7858
590	1371	8461
591	1385	8582
592	1380	7991
593	1380	8480
594	1418	8125
595	1411	8293
596	1377	8640
597	1389	7922
598	1406	8055
599	1405	8168
600	1410	8179
601	1425	8389
602	1392	8161
603	1412	8110
604	1433	8547
605	1422	8401
606	1405	8645
607	1450	8632
608	1419	8409
609	1409	8306
610	1445	9000
611	1406	8227
612	1428	8937
613	1444	8451
614	1455	7826
615	1458	8844
616	1434	9022
617	1465	8805
618	1409	8807
619	1474	8628
620	1469	8889
621	1431	8697
622	1442	9032
623	1479	8908
624	1468	9322
625	1451	9534
626	1446	9303
627	1449	9080
628	1477	9012
629	1483	8959
630	1483	9562
631	1465	8755
632	1477	9208
633	1457	9310
634	1475	8756
635	1499	8745
636	1497	8887
637	1505	9037
638	1498	8742
639	1467	9058
640	1476	8933
641	1507	9245
642	1493	8854
643	1485	8895
644	1501	9285
645	1505	9274
646	1508	9172
647	1505	9227
648	1531	9027
649	1508	9888
650	1489	9835
651	1491	9056
652	1538	8871
653	1501	8692
654	1532	9135
655	1508	9282
656	1534	9207
657	1538	9190
658	1504	9299
659	1537	9042
660	1548	9441
661	1500	8810
662	1511	9503
663	1557	9129
664	1546	10017
665	1564	9236
666	1559	10263
667	1542	9629
668	1560	9748
669	1552	9200
670	1541	9484
671	1563	10122
672	1552	9573
673	1537	9570
674	1556	10646
675	1557	9551
676	1551	9814
677	1577	10072
678	1566	9533
679	1560	9416
680	1590	9837
681	1582	9462
682	1551	9484
683	1596	10512
684	1558	9443
685	1561	9370
686	1594	9313
687	1560	10117
688	1613	9922
689	1572	9507
690	1592	9897
691	1594	10028
692	1605	9785
693	1602	10092
694	1565	9698
695	1581	9779
696	1594	10554
697	1609	9962
698	1598	10379
699	1611	9776
700	1606	10163
701	1602	10650
702	1598	10349
703	1591	10187
704	1632	10620
705	1610	10408
706	1624	9431
707	1614	10264
708	1598	10096
709	1634	9828
710	1645	10453
711	1639	9669
712	1639	10677
713	1649	10324
714	1653	10666
715	1649	10069
716	1666	10038
717	1667	10277
718	1610	10556
719	1638	10063
720	1672	9688
721	1660	10027
722	1640	10959
723	1615	10250
724	1661	10336
725	1670	9789
726	1659	9925
727	1676	10823
728	1673	10813
729	1643	10470
730	1662	10900
731	1646	10668
732	1687	9959
733	1699	10257
734	1689	10564
735	1657	9985
736	1685	10679
737	1702	10274
738	1664	11687
739	1671	10597
740	1688	10395
741	1693	10722
742	1694	10598
743	1722	11290
744	1716	10673
745	1707	10360
746	1700	11311
747	1705	11350
748	1679	11241
749	1700	10334
750	1735	10396
751	1715	10443
752	1734	10830
753	1728	10220
754	1734	11109
755	1729	10462
756	1716	11355
757	1731	10371
758	1717	10651
759	1742	11404
760	1729	10547
761	1742	10585
762	1727	10856
763	1710	10859
764	1744	10755
765	1767	10846
766	1769	10765
767	1762	10300
768	1761	11058
769	1753	11822
770	1760	11514
771	1770	10863
772	1737	10997
773	1773	10863
774	1718	10894
775	1784	10965
776	1759	11003
777	1763	11768
778	1776	11220
779	1779	11381
780	1766	11133
781	1751	11913
782	1763	11660
783	1790	11610
784	1783	11805
785	1760	11081
786	1784	10978
787	1805	10563
788	1799	12378
789	1792	11771
790	1772	11173
791	1818	11172
792	1808	12426
793	1792	11778
794	1780	11307
795	1815	11114
796	1790	11703
797	1785	10902
798	1818	11856
799	1783	11155
800	1814	11624
801	1808	12137
802	1788	12193
803	1809	13570
804	1833	11320
805	1833	12097
806	1831	11895
807	1813	11591
808	1841	11982
809	1831	11061
810	1835	11018
811	1851	11936
812	1818	11534
813	1820	11857
814	1860	12230
815	1842	11160
816	1842	12331
817	1850	13474
818	1850	11458
819	1835	11611
820	1869	12533
821	1868	12145
822	1869	11330
823	1876	11306
824	1838	11372
825	1871	11844
826	1871	12120
827	1877	11335
828	1864	11522
829	1890	11671
830	1866	12375
831	1898	12055
832	1889	12059
833	1886	11628
834	1884	12352
835	1894	12123
836	1879	11559
837	1866	11500
838	1885	11509
839	1888	11893
840	1864	11856
841	1889	12564
842	1874	12210
843	1912	12736
844	1889	11828
845	1915	12497
846	1916	12229
847	1901	12204
848	1911	12442
849	1885	12843
850	1904	12149
851	1909	11989
852	1915	13427
853	1922	13021
854	1924	11754
855	1891	11548
856	1948	13172
857	1933	12516
858	1897	11819
859	1907	12319
860	1929	12474
861	1933	12796
862	1929	12941
863	1923	12196
864	1931	12755
865	1952	11860
866	1939	12547
867	1948	12117
868	1938	11450
869	1943	12496
870	1963	11699
871	1956	12577
872	1955	12302
873	1976	12999
874	1978	12773
875	1955	13445
876	1959	12098
877	1966	13140
878	1968	12725
879	1956	12025
880	1993	12546
881	1988	12381
882	1996	12294
883	1953	13015
884	1993	13088
885	1970	12140
886	2003	13780
887	1974	12347
888	2004	13071
889	2002	12768
890	1994	13161
891	2002	12674
892	2005	12201
893	2000	13000
894	1994	12078
895	1994	13342
896	2010	12624
897	2010	13190
898	2012	13617
899	1996	13724
900	2007	13456
901	1996	12491
902	1992	12359
903	2029	12969
904	2013	12888
905	2040	13764
906	2033	12752
907	2013	12485
908	2023	13774
909	2013	13986
910	2037	12898
911	2035	13377
912	2003	13589
913	2045	14081
914	2058	13920
915	2047	13341
916	2049	13029
917	2071	13693
918	2055	13545
919	2047	13133
920	2028	12658
921	2024	13400
922	2036	14174
923	2044	13655
924	2039	13288
925	2075	14331
926	2063	13869
927	2035	13215
928	2076	13799
929	2059	12653
930	2076	15092
931	2050	13463
932	2074	13416
933	2071	13553
934	2084	13778
935	2097	13272
936	2085	13117
937	2066	13414
938	2102	14172
939	2115	14311
940	2107	12902
941	2103	14420
942	2109	13013
943	2086	14491
944	2080	14347
945	2109	14214
946	2107	13598
947	2113	14463
948	2131	13193
949	2101	13026
950	2091	13140
951	2130	14274
952	2121	14171
953	2131	14038
954	2112	13728
955	2131	14639
956	2112	14600
957	2138	14114
958	2135	14651
959	2128	13513
960	2100	15281
961	2126	13676
962	2130	13448
963	2122	13933
964	2129	13531
965	2155	14423
966	2150	14381
967	2163	14911
968	2147	14122
969	2123	14540
970	2157	14181
971	2168	14017
972	2175	13958
973	2155	13656
974	2161	14695
975	2151	14578
976	2169	13759
977	2175	14509
978	2157	14239
979	2155	13657
980	2179	14253
981	2184	14415
982	2179	14385
983	2157	13859
984	2168	13926
985	2192	14116
986	2186	13572
987	2182	15708
988	2163	14104
989	2209	14540
990	2199	14405
991	2180	14886
992	2200	15264
993	2209	14011
994	2203	14590
995	2201	14757
996	2191	15127
997	2223	14607
998	2198	14794
999	2212	15109
